
6481	2187	3691	6329	4224	4876	8979	5796	9639	3111	9843	7769
3045	1157	8998	2301	224	8137	3127	7753	3617	9778	8263	7137
3133	658	4115	2877	2849	1808	1545	5969	407	208	4361	6467
5985	7652	1989	6528	5987	7463	2900	6237	2881	7320	5907	9027
5962	5141	6810	6220	8142	5981	1351	6834	9879	4933	284	7422
667	8439	6294	6790	888	4062	2154	3758	8847	8011	7699	1862
6875	4448	3879	5110	1842	6305	4579	2876	7759	6610	9663	4997
8165	7425	9169	3915	6324	4114	6922	2140	1404	2012	9969	7793
9876	362	4869	7948	3498	2715	2136	6026	4602	7167	2229	5415
3315	5776	5058	473	2598	4829	3782	4319	6171	5252	8375	7052
9991	9126	1185	2714	4675	6047	5044	684	9128	4507	5899	9573
7928	2805	623	7327	7902	4478	8540	7116	7821	6837	9541	8212
3934	3543	6048	9505	3272	4919	688	26	7358	9151	1673	1274
1766	3887	2933	856	8952	2610	5637	1131	9218	6789	8481	6412
3919	8661	1531	6297	4824	8121	8794	6890	8689	3645	4375	858
472	2	7600	9184	8455	9662	4748	8567	2414	8726	1432	9773
4712	4868	6120	3607	5280	381	7427	6320	9320	7636	8080	3706
3483	6008	2413	5029	2885	592	7601	7121	4152	2411	9173	9484
5325	5687	2068	8041	7488	3236	9836	3059	3002	5354	9481	9469
2648	5088	197	6911	8687	4687	1312	404	7287	7132	6119	7181
3337	1898	3630	3629	203	5998	989	334	8513	2464	6690	3325
1242	7317	681	6718	4187	4703	3554	943	9146	4376	5447	2712
7272	7497	5539	863	1382	9526	3042	7176	1820	671	3070	5878
4711	568	5316	6188	1465	9098	5273	4531	4618	1526	1906	2942
7953	3937	3167	8306	7430	2009	9798	9369	8913	4554	2208	5267
637	3387	4156	5282	8921	7284	9830	8663	1643	4733	7908	523
6984	7398	3534	1407	7177	7367	789	1470	292	745	6252	7832
7157	9979	7575	1078	3344	5001	8094	8655	382	6910	4087	9269
4653	949	9100	6710	8696	8802	434	535	7152	9077	1280	8554
7519	8489	9696	9860	6316	3055	323	7696	1948	7642	8048	6589
9433	6646	4909	6181	3357	3339	5339	2638	3539	6770	6360	5689
3164	7257	1843	4570	2607	3010	162	2784	8433	7690	9968	8620
6731	2675	6003	7681	7730	2306	9671	2949	5251	2239	1672	5496
5575	321	860	4486	6881	914	3701	7008	6779	2530	1917	8558
7478	9361	7385	9865	9887	5425	3873	9191	4077	8390	7015	1129
2273	124	904	5228	3592	2692	519	8846	3206	448	664	3672
6893	128	1786	7335	4274	4160	5557	912	7559	1699	4560	6684
3689	8728	6817	4268	3838	7010	8793	6988	1430	755	9248	7022
1480	8205	1329	4231	6963	8760	1781	4436	4427	9065	5740	1822
4930	5930	1380	258	8403	9631	7007	9742	8047	7160	3553	978
106	126	7431	508	9085	3277	833	339	2783	4121	282	7468
2856	9407	2013	77	4807	8619	5480	2143	9114	709	3156	2059
5882	752	1976	9719	1660	2439	8036	7829	9371	3546	2531	4283
9084	8237	1800	383	4316	5176	767	939	420	8211	2665	1624
7840	9030	3142	3062	1239	3911	785	5427	4390	764	2910	3888
906	4159	928	1661	2451	7308	8622	5269	4329	17	9540	719
5458	1082	7064	1481	343	2517	1909	9230	2354	8581	8739	5109
1764	7745	5455	3926	1552	2155	3397	5604	909	7619	5130	6849
4809	2118	3444	403	2751	2078	7894	3894	1832	2066	7659	4598
233	7148	1677	8551	2597	317	4095	2333	481	4696	1069	4970
3372	2804	8971	9287	6484	6223	6821	1193	7777	1309	1411	8833
9130	1890	7691	9148	4409	8366	102	7797	7545	405	6303	9257
2565	8245	3112	6307	4517	1496	2356	5479	5896	1397	7340	7717
585	6533	3648	2623	2452	2106	2277	9105	8860	4174	485	5516
3722	7895	935	8447	9638	4198	8078	9276	2606	8397	5027	2039
5165	6446	9398	5913	2776	1101	5017	4656	5139	5835	5523	5855
2700	6090	6645	1684	360	4636	5534	7450	3622	4445	3466	5363
3700	6858	7823	1418	1504	1724	9941	837	2945	3732	1007	5774
6158	9486	8548	4627	7798	2821	8755	5353	8262	5205	4383	908
4827	6029	1	7236	9602	7610	8203	2011	2652	3346	1421	8545
934	9163	6334	1882	8324	388	6962	4334	2617	9785	3716	6545
591	9686	1476	4223	8318	6071	2236	5199	6166	2485	9178	4435
3925	8538	4543	9780	4439	2317	2108	5753	6551	897	5078	3752
8989	3067	4583	742	9107	2228	8016	8133	9167	1334	2250	413
7458	1877	2818	8943	2589	3129	7770	9104	3949	5158	4956	7099
7926	7758	4693	1393	3912	8293	3974	5328	9884	5257	5522	6298
1753	6586	9637	7271	5590	178	2404	7265	7268	8722	9418	3310
8156	3153	3753	7525	2387	9999	2588	3623	2082	7735	2913	5156
4866	9330	7350	1144	5104	8413	58	5301	827	9051	3571	3040
2721	12	5227	4613	582	7617	9082	3004	4552	7994	9097	1611
9245	2950	1177	3717	3342	2115	5688	8408	6356	2006	335	7347
3297	1055	5101	4096	3433	7070	3385	7360	3882	6776	7210	5947
3076	4734	6150	5600	5347	9201	8111	3411	3299	1416	6758	4581
6693	1265	2833	8177	6552	1360	8316	5073	9800	5200	9295	4256
7510	463	9138	3830	3598	6331	4728	6859	5054	4138	3719	2552
6511	2191	3923	54	9042	3318	8555	9409	91	546	2668	8534
3421	3305	1365	3793	8556	1995	2305	2160	9208	3667	8415	9332
2794	7354	5482	3952	7865	1073	1391	9061	2280	8276	6199	4545
4320	80	5597	1512	2185	2130	6793	6743	1478	7193	4905	929
5884	4877	2667	9652	5968	6553	8672	5034	3295	7504	7581	9721
9924	8139	6263	7307	9561	6907	9765	5379	7440	6655	6394	2656
9947	6973	6491	7128	8042	8463	9301	6568	6099	134	1821	6025
9357	9728	9344	8236	4099	8718	4342	290	1618	7959	7653	3713
3897	1170	4291	1905	4887	8838	972	7595	8614	4456	9313	2546
5284	9626	9753	7596	805	8543	1348	5738	766	9429	9385	495
3289	7511	9333	257	8651	6860	3574	7138	8443	855	2612	6707
3544	7301	5384	2433	5367	4495	1318	5145	3766	9529	5429	1687
4288	6386	7448	2634	5318	3335	5155	5390	9840	5936	624	2256
8812	9770	6899	7068	5559	6024	5338	1937	6327	8823	9861	7258
873	6479	3448	6698	1987	9503	7972	725	6901	4884	8493	7084
7831	2639	4142	7796	9224	6426	6018	1874	3754	8710	9684	2037
8788	3477	6773	1943	5116	7733	1035	6621	4959	3454	8310	4961
3674	6207	5748	1190	9496	5327	3383	8105	2902	7045	5283	6903
3474	7477	2982	2416	5270	7304	5335	825	1981	8891	9267	157
4619	9317	5163	192	9727	9676	5185	6027	8517	8896	6749	2764
438	7615	7466	5162	3640	4995	8175	3484	8887	7764	351	9075
5312	9092	4367	3627	7090	2472	1926	6577	8422	823	8925	3522
427	639	2538	7324	7179	848	4437	6317	9545	9421	2967	9829
1904	498	2857	6218	6725	4562	2094	5134	7565	834	9524	1736
4649	4845	8888	3984	1115	8480	1031	327	1534	6738	1880	8509
4366	7623	689	3988	7812	4204	4897	4788	1723	8138	1849	9513
5093	9239	4202	6398	9008	2001	3818	6084	7079	4814	6982	166
4333	8083	537	9464	9937	3189	7546	6992	5939	7964	3849	5538
6337	5264	3779	2787	3892	8356	8282	2307	8931	8557	248	8363
6673	2931	171	2603	2789	5300	7411	6092	8958	462	721	9761
4534	4592	3144	3958	6379	5414	8857	7650	456	2621	1816	4032
2432	4241	8885	544	2815	7368	7773	9280	8474	4191	4229	5986
5536	4852	3078	1946	1566	6490	9465	835	5020	5888	7715	7607
3488	4272	2483	5288	2934	56	4944	6425	3038	81	9908	430
3314	2326	2512	6232	6593	3634	2126	4677	4861	2475	1207	1717
1352	7382	9266	9032	2581	3259	9532	1152	6064	2838	1972	1052
6500	2393	588	469	3374	7174	3457	7289	68	1746	5495	2666
5196	1136	6902	6295	9754	9562	931	7757	808	1259	1213	7001
663	3621	5075	7975	251	5381	7781	8319	9915	4881	2941	167
5769	8391	2493	3813	299	2159	6321	9514	3549	3651	1252	19
3369	6499	6904	956	6633	8719	1194	9533	8384	2003	4727	9365
5169	8362	3285	3537	5728	1824	9759	7091	7362	6010	6361	513
2262	2501	5849	307	3566	6737	1785	5566	6359	4442	5897	6891
9598	3783	3928	1320	4640	8055	1022	7584	9833	1922	4082	8498
959	2515	5712	2932	9274	4610	6521	2206	7756	6703	9255	4622
8955	8326	4183	5922	7303	1039	6948	1440	9264	491	5459	9589
7638	1201	1212	7599	4700	5177	1535	4201	9036	4034	7053	1846
5800	3715	5168	9437	7905	3326	1693	9851	9383	3354	3487	4355
8908	9336	8158	1947	7153	4498	7494	5816	2567	5642	9405	4021
1837	4917	8858	3254	4637	4849	9566	1829	325	7185	6103	936
1599	2035	4694	6200	4240	836	2563	4148	3943	2963	1110	7025
9822	8646	6745	6647	6556	7779	8683	9090	7556	2264	599	2861
5046	1814	23	468	1113	2969	3023	4005	8100	6415	3413	6542
6906	4773	6397	9110	6268	5929	2233	3609	1626	8223	6944	6193
5548	6183	7048	3555	8611	2456	2145	497	2230	3332	185	2883
4855	4365	727	3933	5656	9970	7199	5810	2503	7792	1137	9958
9222	7915	845	8901	8458	695	8259	5629	6715	8644	4804	3731
480	8914	3965	1633	158	2053	3356	3899	1342	8930	4126	6035
3750	1853	1762	3620	9525	3527	1806	2830	8795	3885	7252	5358
4399	6108	7841	2100	4593	63	7056	8875	1656	2796	9041	3085
1548	8774	6374	4194	9636	8279	8380	5203	8117	2075	1317	3580
1086	6492	8401	5187	9046	910	7439	2232	2686	5803	6153	5982
560	5013	9189	4872	8978	2251	7930	8876	6969	2385	1538	6666
9121	3443	3970	8599	412	5780	4928	6020	1991	3192	814	5444
5933	8537	4234	8281	2954	6852	8424	3034	6670	4185	2180	7276
2368	3675	9145	3853	5259	7074	5843	6898	4484	304	3092	5911
6576	6605	9010	6713	5452	9165	5674	1595	4830	3881	5419	9771
6926	2758	2171	7516	3166	9448	3628	7954	5993	2194	464	3860
3866	173	3776	8066	2539	8071	1561	5866	1576	7412	1132	440
5526	2401	6138	2113	1985	9611	6062	2935	3523	8268	8126	1299
4407	7549	104	6845	880	5011	4485	5287	7952	1012	8843	679
5992	223	27	2956	6228	39	2608	7709	7917	4475	6206	5584
1183	6846	1456	4910	8515	6978	3363	1833	1696	7903	266	7233
1818	4178	1610	1912	3043	4625	8675	7736	2884	3401	3445	1920
4527	1769	9658	2564	4059	2463	5991	3780	7243	2777	2820	7973
411	1772	6137	5853	467	6740	5253	3302	5140	9790	1285	9741
4512	1223	2798	3281	2424	2550	3980	3176	1369	3681	1793	9713
253	135	50	1094	5518	7968	5652	5946	1518	9106	9022	6371
5972	9343	6101	753	7384	703	3191	8238	5902	7697	1403	8396
676	741	3086	9079	4075	2359	8527	577	5262	232	3512	5475
2889	7351	580	8402	9410	8948	1025	1267	1942	3449	8685	3864
6261	4915	9164	9152	1442	5564	5919	5391	6209	9596	424	3048
1215	2995	4173	1333	4883	1797	3967	6404	6033	5568	9997	4042
4661	4745	4330	6997	1084	8010	3099	3216	401	9449	4823	879
6053	5102	6989	2190	6517	7184	4894	6016	3174	4210	3391	7492
8215	2022	5844	9693	9288	3003	9674	7754	6807	5407	1646	6124
6430	6468	9064	1321	8929	5153	3309	222	9687	6559	6938	8081
7947	3945	8113	8906	4778	4723	6627	4046	9605	3840	5751	1840
61	5953	3172	1851	1296	9460	3575	1199	7159	4960	870	9070
5295	6282	1134	3703	1282	4289	8346	8479	9482	8130	2834	2291
6644	4047	272	9043	7403	2096	8342	9489	4388	8329	216	2491
3209	3785	3950	8377	9985	8220	7727	7235	8496	2398	7046	431
801	7030	9576	6052	7194	5846	1173	1004	1919	2732	7509	7321
3120	8658	7370	9555	1910	6417	392	7238	7872	8804	1685	6243
291	3733	8097	932	1546	9726	3279	6203	4949	9672	9581	4490
1438	4510	6571	5167	9974	7704	8751	1354	6236	2790	2678	9511
1286	759	8643	2635	4339	8677	6176	3073	220	194	2986	8714
1087	7229	9254	5561	7667	2584	2151	1138	9370	1879	5927	417
9444	5063	5511	1208	1780	9397	6419	4783	3033	1005	4898	4797
4197	3333	5540	4549	7639	7995	8991	9394	4790	3804	5845	1028
2859	5051	4635	1428	5809	6549	9387	2948	710	4981	9552	4680
4227	9331	306	1997	2916	5671	674	9299	4673	6590	8112	3536
2465	5520	1297	8114	1649	1156	4487	2297	9619	6314	1888	3916
714	4553	6767	5613	5355	1423	8642	3280	7641	5500	7912	6864
372	4166	2761	6180	5828	2983	2786	4519	1414	7726	2238	4181
2400	6357	3781	5376	7983	4119	8659	8868	5050	4395	8006	3256
2579	6474	475	1520	7164	5832	4481	8938	6532	1228	8065	7111
1498	9497	9223	683	6624	2061	6044	6591	8331	5276	6080	6382
3453	4377	2383	8810	748	2399	5724	7457	7587	3063	9376	1614
6619	432	5556	7061	3230	8005	964	8988	5308	9379	8503	4744
7686	8001	88	7602	5717	4892	4363	1863	3351	3799	6681	7751
380	786	7112	7974	6438	2850	1415	6204	1695	2361	7416	7201
64	9026	5596	1006	8339	2697	4284	3930	5438	7131	4384	1158
6498	229	1704	7589	1601	4417	977	1116	4983	1665	1469	8829
4925	3218	5220	7444	276	6763	280	791	7365	8354	1889	4449
8828	1635	8563	5735	9367	3821	8769	2904	7558	1127	8297	7763
3462	8976	4282	5755	4262	7835	415	518	958	7336	4045	7231
8681	9699	8879	7795	4108	7346	8818	1958	8021	9190	3825	7539
6537	8738	8285	8333	6039	7228	9360	2795	7712	8855	8980	7620
4373	8288	7940	1860	5650	9212	9088	3438	3403	7984	2628	970
34	7446	2481	2010	3848	1823	1901	5170	950	1715	110	3533
2723	2770	5912	8715	6259	286	3808	465	4951	97	5646	2165
9547	3150	2207	4429	5036	9435	3157	9021	5448	607	4642	6278
6534	2499	2742	8179	7429	7337	5666	5794	730	4754	6208	2708
9971	8589	32	6244	5400	3074	3511	5502	7725	1340	8789	1805
5297	5486	5883	250	926	2980	3671	6744	8762	8601	4556	8341
6269	3696	1463	2735	7843	8638	9335	5467	8686	1537	8805	5950
8570	2842	7825	1929	1454	8171	7861	455	3103	6863	1353	374
5718	3123	2153	1486	1831	138	7122	5789	4357	8654	6175	8720
6648	4259	8606	7794	7473	5624	4663	5591	368	2220	7495	1589
6014	6818	8593	1707	6501	2351	7217	4098	6432	3188	6104	7978
7518	6410	9251	125	7209	5214	9891	6238	9898	9083	1939	9789
9474	9554	9073	8580	9640	8521	1903	2578	8307	6660	760	9363
6165	1322	4665	593	817	4370	4943	919	4111	1668	5733	9748
3749	6923	9731	982	378	547	3762	9123	6463	6714	7311	9485
429	6780	8986	1346	3155	4550	8610	9909	1083	4501	109	1540
3507	8995	2976	2486	4530	6564	9491	3682	5105	2309	9182	7442
3741	1859	3069	7294	8345	707	6946	1473	1813	1159	3955	6548
3744	7086	8257	6185	657	6766	7886	1703	5128	269	8737	2067
8578	820	5983	6932	7868	6156	7381	2182	1744	8286	8773	45
4725	278	1122	1222	116	9125	2535	1053	8523	7375	8446	6579
4660	5719	8196	7669	3290	7142	4878	9549	2957	2345	5048	4871
3460	2762	265	4802	7955	630	3872	692	5521	1577	3222	7848
2367	1125	7245	1779	515	2990	5680	8767	6471	3394	5585	3283
3605	7005	7024	6164	3257	9261	9855	2778	3812	1726	1377	556
2593	3160	715	8880	5890	2793	1655	322	3588	9124	2710	1711
1605	4128	3834	1870	9595	5178	1550	5340	7394	5402	9928	6724
2545	9352	2569	9508	9614	4380	626	7578	2199	3350	1262	9844
6013	4208	2459	2947	66	8271	4999	8056	5665	5957	4006	564
4452	4147	8070	799	1401	3836	9940	4245	1604	393	6558	4323
3270	4808	4321	3186	1585	9987	2498	4466	2417	6701	9972	3893
8866	4658	5334	2599	6494	7207	618	4193	8909	5761	1145	3047
604	1503	6066	3263	2920	5818	5551	7866	3563	7058	5175	5994
6819	4817	4927	2192	9634	4434	1697	9122	9852	5322	6712	5193
277	3137	6096	2099	4112	839	1169	6006	6250	3581	6451	1590
6686	9049	74	9228	2237	3653	9966	9537	191	4431	7625	570
8752	7062	6306	7698	2702	6594	5122	202	8348	8701	2394	6504
8118	9656	993	2799	8201	1408	6400	2002	1209	7721	3178	4
8308	1033	7315	9439	7714	5829	2028	5963	2434	3751	3680	5617
4759	5010	8576	4023	1982	7668	7139	3481	4029	9803	144	540
1063	4810	5002	5127	7688	8550	7961	9714	7219	1255	5703	3506
6411	2533	3579	6142	704	100	6296	221	1294	8735	530	7023
8869	4360	9872	4657	6343	4239	5464	1245	8154	3447	7585	8994
2779	3490	6866	489	4514	2602	3644	5198	4349	9116	6257	2170
9219	6214	4565	6073	5908	2320	9375	5976	6440	7225	6813	2050
9718	2174	8195	1748	5208	1034	6486	9459	5877	1586	3600	9115
7676	3982	4278	9304	3244	7684	7916	3300	9472	7205	3569	6195
8484	2116	2757	7226	9889	2759	5094	8449	5572	9171	5784	1375
1395	1324	2259	5594	2308	2357	4131	3798	6265	3015	358	9572
5194	5234	5739	3740	6201	6197	5603	6420	9246	2669	1902	5473
1657	6649	5341	9499	6264	9888	376	3162	3286	734	4415	2458
7572	4232	5433	2335	2197	8221	4781	6154	9597	3054	311	2350
4950	5577	2231	9590	2460	6503	2870	6638	4971	992	5704	4795
5915	3868	9808	1015	3322	8157	2319	5451	2163	783	2516	9682
3317	787	4036	1067	1927	8274	86	2378	123	8473	2747	9284
5150	4751	3151	298	6892	3788	6231	7281	8164	7960	7883	8200
4763	2807	8228	3348	1499	3927	8645	1876	5393	3140	7678	915
326	1907	8495	5032	9768	9807	2234	9272	4699	968	1459	8967
6372	6457	1918	1070	4136	8815	8419	21	5971	2649	1449	1663
7566	5172	7105	7971	5587	8191	7274	9005	7569	6630	9927	330
9831	3845	5238	8292	2379	1092	8853	7168	5008	3504	8968	8809
4459	3806	8944	4646	6235	9823	141	9633	1008	3993	9815	986
108	7786	8945	7145	2658	916	5258	9451	4048	5275	1524	6045
3101	708	3850	2895	6396	4676	5651	2733	9291	533	4408	729
9452	1362	8492	5026	6482	2946	7842	7811	3321	996	7246	3604
2769	9389	4146	5723	4470	7339	8937	2872	6476	4425	7309	9522
1246	8827	9709	1845	241	3531	76	2962	7149	4989	733	2709
2071	6355	9715	815	5885	5421	4141	8116	3414	3501	8251	3896
3606	5923	1692	1900	5057	9150	9723	8284	5605	2854	8602	4249
3371	2513	2343	8068	4978	5012	4591	8533	7288	9020	3373	9054
8398	2047	4467	1328	9627	838	8313	16	5271	3284	5589	2268
5401	264	7760	1602	9324	1553	7465	9717	7752	861	8856	2936
5053	9305	442	6722	1591	4364	5395	7665	9159	2202	22	1056
4964	3704	3961	6562	8393	4199	7827	6114	9406	4093	5602	3077
4929	1357	9880	2866	7060	3207	9490	4051	6930	5052	6802	5039
6958	6273	7672	9237	3683	4630	6628	6520	3694	3019	2601	1543
3232	1114	713	7898	8961	7562	6377	4353	826	9302	6205	387
6348	6632	974	5147	1713	3014	6595	7710	9683	9101	6267	5571
778	5330	496	612	8725	8127	5770	3854	8754	8504	3976	2074
9238	2613	9234	8180	7163	5541	8916	3613	8061	4736	6436	1037
3819	133	3338	3081	2811	3562	6640	8230	3000	4838	7214	8497
227	2216	3748	2279	5777	6126	1413	2903	8255	4582	4295	1731
8870	6739	1722	6012	8233	9622	490	7606	2677	9523	4461	5831
8822	6179	6271	8598	7180	8435	5505	2928	354	9211	2750	8706
4697	9813	9518	4597	6304	2691	4645	3392	3158	7146	1960	3858
9480	7692	8688	7818	2959	5003	5823	9877	8074	2865	7331	6705
5372	9492	8483	8364	7513	4018	6762	9817	4473	4440	8745	6641
3728	5872	1871	8670	8015	8012	1349	9259	8029	9788	9613	5826
1257	9961	3238	8761	2284	7682	2073	2462	1220	2344	2133	7371
9517	7892	3586	7408	207	4986	8459	6547	6367	142	7555	8428
5417	1081	4104	3541	9390	238	1983	4611	9035	6806	6894	5000
5446	7356	554	1452	5230	493	1502	9244	9011	6668	2469	7722
7211	6716	5285	288	3823	2080	3361	8069	4882	5255	4841	2212
5434	7655	635	2801	6198	4906	5970	7178	6384	9913	1130	3409
5504	9792	5035	7529	7689	1047	3497	4267	3205	4726	9200	1096
1727	6675	2176	186	7719	2461	4586	583	4707	7216	5490	7567
4228	4310	6373	4118	5195	2029	6652	9730	249	670	8641	7418
7003	127	3548	2622	2614	534	969	6240	1752	8974	5734	2568
9756	7373	517	6823	8695	4941	5943	2534	8296	3865	3175	1792
8028	452	7123	8278	9306	4775	3331	1384	2048	6699	1443	4719
5852	6700	1878	193	7768	650	9551	8254	9468	421	9362	6868
565	2987	5030	4536	8900	2894	9040	9510	1166	9621	7472	122
4315	6393	3177	6850	6077	3880	4604	4893	2406	6106	1667	541
7523	5491	1227	2988	8775	6121	961	6751	9563	8471	2204	3097
2873	9678	14	3467	5356	5558	1187	7746	4168	9346	1141	6
2408	5430	9858	3486	6302	3964	690	9314	359	9290	395	7644
2055	7583	5461	9351	1974	5256	1080	8704	5120	638	6990	8993
7514	1979	818	8388	3031	9722	9076	7808	8193	4772	4041	8267
3971	8890	2455	3800	6597	5768	7909	1735	5744	3268	1925	1921
7050	7260	8637	1767	4606	5266	6695	4896	9080	8332	7855	6168
3233	4891	2141	1932	7196	7750	5506	9154	6729	5478	3547	5389
6664	1835	3224	2767	2243	2058	2081	5136	8798	1940	6247	5387
8582	337	3412	3007	4404	1866	9175	5360	8361	1482	8108	9380
2257	3692	3904	3561	4022	5107	9539	5610	20	7144	998	2816
8844	1509	2294	5076	3891	4454	7508	2403	9131	5423	3552	7986
9870	2918	2445	3528	1574	1632	1747	4724	6750	6653	7965	1089
5619	3841	7057	1949	1968	987	3932	3662	385	1875	4535	9746
6954	8098	9391	4762	8924	6023	7819	6402	4816	5876	7417	9962
7889	522	2286	3261	8353	9749	2196	7329	3390	7066	5117	1915
9628	3802	1774	6920	8089	2998	2911	3135	8430	883	706	852
5935	9948	1168	7664	8564	6976	773	6871	9801	9777	5886	5315
2909	6736	5344	8744	8468	6288	2827	189	2329	6880	9943	3154
1446	9797	4444	677	4313	5346	9919	6803	5418	925	6842	4303
1226	9582	1549	1119	7432	8662	6626	9568	6100	3847	9704	610
810	7002	2276	313	9349	2727	9629	9646	4109	4122	4397	743
6966	4458	2339	573	1998	43	6935	673	4054	649	4757	6507
1826	6585	9902	9328	7888	3185	6194	199	2178	2177	7341	7119
4069	5708	1828	9063	2609	1364	3425	6072	8218	5615	7776	796
7441	1335	3610	9809	9310	4574	5180	7702	201	2302	632	3816
8427	6184	8144	3388	6800	6937	1836	3013	1944	6811	1457	2892
8999	7051	5412	9004	9645	4851	7608	4025	4130	3538	9067	1174
2643	7479	5859	9661	9976	8192	9528	4571	784	3461	1061	7428
1347	8242	5202	6827	8462	57	2908	3243	8373	4428	1308	6581
9463	1017	2338	8252	2937	7849	7703	9378	6721	3193	1450	4327
3890	9857	660	947	9227	2281	7318	2369	6615	9402	2631	8008
3939	9445	2886	5622	5373	9694	6255	4796	4962	2218	9258	6657
4626	2365	336	5466	48	9810	6445	4280	1738	587	8457	6050
4769	6643	9848	9025	737	5730	7803	9885	3815	3051	1206	562
1398	3291	6350	8693	6366	8627	1544	9242	988	1387	3792	7454
7456	6872	7942	3247	6691	8618	3975	5705	7542	7133	5292	8441
545	7998	6622	3169	7860	9834	6523	3119	296	9681	1648	923
6213	3223	4371	5805	4386	2348	7095	2974	1721	1217	3981	1819
8733	2590	7907	7241	4709	8629	9956	9654	7192	1420	2845	5722
2657	8416	1563	1682	8451	9	9538	9617	3114	4815	6587	1214
8407	2792	5979	209	9093	1044	4238	8030	3944	5361	174	3567
1373	8053	2467	5528	7302	3469	3184	7255	2529	3582	9270	1634
7530	8266	2282	6390	4347	851	408	4889	3910	6742	3083	7881
3246	7191	3100	1098	4298	9755	3359	7242	6631	333	4049	899
1857	9959	6301	5833	542	4381	6262	3705	7352	2825	1153	9774
1994	1406	6130	6936	2743	5580	7484	2679	1381	3587	5424	8024
4766	2687	9821	6116	3352	1024	7946	918	3095	8181	8136	231
8399	1802	206	9396	1332	4264	210	7067	1688	2376	1773	8648
6838	1379	3324	3179	8132	9905	9964	7755	3665	1410	113	5773
9029	5692	9205	4672	5216	1662	2522	4839	6424	9673	297	7085
6796	3633	2496	5333	9268	8135	4457	8609	3499	3991	1066	3378
6322	4958	8287	3027	2091	4177	1389	7875	4977	736	3746	3727
6959	9214	2142	129	483	5841	6292	5277	9712	6458	1283	70
3319	4967	6971	1378	9744	4523	2065	5079	1124	9338	7784	2443
1363	3649	9275	79	3435	1615	8546	1776	8984	2943	5422	9978
3400	8095	2034	5306	3946	2299	9737	6448	7234	6475	8727	1897
7816	371	9216	7467	2905	7720	6543	7269	2086	4969	6748	4328
4752	5278	331	9422	7270	8294	8697	8445	5669	2266	7871	236
2138	9441	4216	2542	9557	9632	8965	3521	3011	8778	4835	3532
2961	8378	876	3343	6777	7521	8330	7115	9442	1289	6098	3999
8716	3535	9825	6068	2641	1106	5657	7019	4945	2536	2919	9416
2085	6669	6921	933	8935	1405	8585	3795	1521	6774	8197	1564
6831	3110	3320	2377	4190	6786	5514	4957	3298	3632	7598	7031
5090	5811	1733	7203	5314	1278	2038	5775	3296	6088	9186	2135
7671	4391	6600	9670	4595	6916	1040	3938	7250	2651	6829	6323
3827	7173	7190	813	4607	225	1474	6618	5529	6043	7732	6283
1323	2594	8522	6135	1225	7065	1331	4024	2978	945	2315	4446
5095	6775	4236	8873	428	3215	5863	5190	4738	6555	389	1104
397	7490	3026	6229	5822	1339	7376	6913	2052	4813	8469	9312
2642	5324	5320	5161	170	619	2274	4650	8884	9550	6832	3005
3098	8170	7291	7433	5746	5792	8395	6421	6109	5392	1437	4926
9213	2213	5875	9610	3564	6925	260	9322	1128	3418	4068	3104
8145	1894	4533	7597	8079	8208	1103	1734	8922	4286	6428	4345
5294	5	6674	680	3240	6332	8528	6418	2661	2397	9089	3084
5515	9401	2851	7778	2242	1293	3431	5842	5618	5582	2479	8501
1971	9099	2396	4000	8383	9849	2269	3995	538	4671	2372	7634
7306	7405	2062	4254	3829	9866	1176	5867	7	1180	5847	2760
3440	147	7108	7789	8168	9113	8780	18	6381	3966	8849	4379
4167	5758	8325	7263	9783	4749	8426	1292	6289	8423	4794	2373
9500	4564	4911	7345	8300	1581	8803	7011	4947	5553	5673	1273
8621	8864	5749	8898	4791	4387	3515	2891	9168	8758	9675	1555
2717	6994	8703	4596	6761	9667	9016	6727	6634	8874	4890	1231
1600	8394	7635	270	5563	190	854	5299	8090	2219	3377	1431
7738	8344	2875	252	8264	4213	1171	7120	9608	5188	4821	5374
8577	93	25	1708	3282	955	3217	3381	1161	1928	414	4850
7259	3656	9575	5440	4963	930	3219	9601	6809	9509	8973	8832
4654	3161	7502	6127	3922	8088	2210	2349	2989	7390	2146	954
5213	9725	8475	9392	4441	9487	8605	3787	6843	7990	6812	3398
8784	8592	494	7651	2092	9585	7460	8724	4833	1062	9992	6613
7328	281	5265	8349	3775	5092	3743	9734	9493	2970	6527	2637
1464	6196	1961	8302	1516	8248	8713	5741	3867	865	3763	9423
6388	1191	9939	9711	6679	7993	9226	8837	903	1992	2655	1046
6365	4603	3478	5123	1441	3646	3589	595	1977	1670	289	4123
9430	7614	342	5716	8590	4102	8272	559	991	2248	1513	8845
8387	2032	6117	4050	4184	4491	6826	9007	8115	8482	2258	8575
7579	6272	4516	2336	7220	6539	9417	9436	8568	90	1962	3308
590	6546	9453	5060	3020	5531	552	4398	1659	887	5977	8434
1508	6225	3470	4698	2490	6972	1572	8037	6787	4497	7718	9199
5307	4351	2734	694	4594	4935	8785	8002	1493	1266	5087	6554
1664	1841	5152	2822	1571	5014	3529	9811	9957	2402	1867	7880
2829	9973	7134	7410	366	8630	2901	5499	5321	5840	4820	9603
4358	4356	7806	1250	505	8173	9856	2896	9160	2347	4164	8189
4513	4779	6525	2860	4532	3060	9424	5501	6407	4084	9450	8969
4500	2571	6869	9757	347	6363	3875	1541	1771	394	7016	3
2169	6672	4058	7561	7379	8379	3071	9890	5191	4631	840	5489
9806	8182	3138	1316	975	5873	1532	7906	2105	641	246	3708
4548	487	2495	5611	3439	561	9193	3526	5245	7392	3108	5396
9055	6392	9086	9705	7675	2137	1467	6211	2272	4555	7204	3407
8003	8665	9256	5016	666	4233	7918	7183	5298	2518	6325	200
4976	9403	3720	3500	4307	5383	2122	8923	2324	567	7273	3180
7817	1952	1445	2676	8213	6678	8616	4729	4664	881	259	1210
1139	4575	8275	5961	3730	5633	8224	5197	5345	6991	8283	2537
9688	8046	9653	1558	9665	4832	775	558	788	6828	2718	7247
9701	6129	6794	6733	7679	5595	8741	5727	3545	8023	7434	8608
3141	6086	5999	361	6299	211	3789	4895	1304	9993	7979	6258
2809	1530	9278	6908	7020	1865	3814	7251	6002	4770	6375	2740
971	726	8920	3757	8052	4505	7081	6497	4638	3118	4079	4683
8227	6242	9420	72	2831	6792	2618	4704	9170	2063	3643	2123
8485	6009	319	8472	5348	9881	2270	2630	7622	6620	4880	922
8536	9183	5565	8851	3551	1854	5906	3597	2670	9900	3173	7286
3245	1439	6281	2514	1344	3334	1492	1453	7532	2453	8216	511
844	3765	6876	5640	4335	9253	2551	8476	5222	942	1847	8062
5661	4764	6841	137	8357	5894	5519	3595	7314	7172	9651	218
2754	5524	6947	5323	4798	4899	4369	3956	780	5223	1167	4031
2924	7296	9882	9494	5895	3591	4768	9650	555	1275	4886	4312
4143	8936	2260	4737	2724	9052	802	723	4346	302	4903	651
6406	9142	6983	1029	9784	3994	9019	9060	8747	8927	1714	4125
3698	9279	8904	4414	4479	4153	3903	6783	2043	7470	2164	3590
6833	9530	7537	155	1924	712	8143	6078	6383	5157	7206	4842
1795	984	1617	3724	4420	3345	294	5331	5691	5426	938	4566
6461	1788	6967	7517	7223	2110	2577	3304	4326	4279	6706	4030
8161	6132	9157	52	2871	1181	8311	6965	3039	867	7648	3408
8640	5125	2183	8591	235	2360	6000	8347	3221	798	2374	9273
4033	549	2468	5237	2863	7295	6765	4864	5246	581	8350	7072
9984	3028	6442	3871	3093	1763	1815	2030	1936	2907	8633	527
2442	528	1057	271	2095	7856	9657	2839	5047	4875	1720	8217
4044	5945	9271	1455	9172	8249	2633	7815	1969	1276	28	2316
6136	9666	8057	5221	2664	172	2224	3684	6734	9412	941	4708
7616	419	5695	1628	2125	9045	3957	8405	8199	2040	2161	7611
1230	4789	4686	3578	8510	8975	4984	1018	500	3235	9048	5699
5274	5709	1121	8566	11	566	6928	4496	3271	3255	6596	5931
8939	6178	3075	1491	3697	807	3989	5581	8897	5296	230	3068
8465	2836	6112	1938	9354	2893	4413	3183	5226	8412	4012	6131
324	5064	2381	732	536	1179	7171	8826	439	5790	7000	8150
6968	5682	2480	3657	8	7262	4314	5698	4433	1597	7775	3116
7893	9329	3225	4651	1719	3292	8305	2653	435	659	2181	9918
8962	2912	4305	5037	3301	8000	1466	2330	8547	6460	4684	1861
5350	8017	114	9625	7380	6515	8928	7034	6950	8831	4620	2474
9475	6346	6753	656	7332	1742	1216	3725	2684	7378	8110	5233
8239	3702	2832	4685	5854	3201	6919	1631	749	7413	8486	8019
8549	9053	744	3194	1000	6816	655	4192	5260	4780	7035	3502
8783	2682	6059	7869	7887	4629	6771	5454	999	6328	4073	5917
6224	4990	2352	1392	188	3434	1709	2158	4774	2840	3786	634
418	4678	5352	7663	9426	6815	3456	7114	3214	894	614	8841
2072	1336	7248	7749	3089	9635	9118	849	6076	6293	8512	2713
5138	486	2392	4052	2426	8107	2527	4873	7104	2848	9293	3465
7646	8542	8026	9296	5814	757	349	8312	5975	8800	2611	9477
36	3404	1178	8824	5218	5149	4826	4100	2026	5672	6308	7110
7767	4331	746	262	779	3199	822	698	2616	184	2428	4771
3468	3886	4624	4800	731	2241	9989	8202	7782	3472	4396	8183
7032	5655	3416	7282	9588	9649	8291	8442	7932	2505	1916	5620
7305	4954	4674	8490	1268	4144	5160	9413	3895	356	8951	6311
2899	6347	6889	8328	9685	169	2025	6065	5493	5944	4846	7107
9758	7158	6270	7845	1300	1383	4867	1041	5310	5560	8639	1569
1107	633	6957	8315	7387	6276	4870	5697	8628	2696	7141	6772
4996	653	8797	2748	6953	8946	2429	2549	2427	177	3016	7633
6538	6905	1959	6687	557	8954	6212	7039	3862	6493	5586	9506
3833	3241	240	195	5869	1196	9828	5871	8694	3121	8049	7396
6041	4171	1803	9620	2975	3212	5386	7357	1203	8343	9767	9286
4801	5901	7885	8691	9641	6091	3822	8529	8421	6912	7548	353
6530	699	2868	7605	9467	1612	4247	5240	9917	521	1881	7424
6611	148	4203	9185	1791	6667	6115	7507	6719	8612	7036	5224
830	2699	357	5040	9914	7570	8369	9556	3884	1686	5527	8131
3513	2824	2810	1010	38	9716	9112	2749	2720	9158	1148	5337
8684	803	24	5183	9960	5836	6781	3929	5860	7077	6584	8562
2519	4120	9062	5443	4083	1155	6996	9796	1782	6336	8185	4701
1809	4248	5242	3992	4382	1613	4061	2853	2235	1109	5189	8209
7780	7833	4848	8452	4493	9294	6608	4667	2318	4608	1197	5380
5798	2660	1965	3405	4600	1507	8787	7409	1303	4405	53	790
5074	7701	4542	750	4718	4306	2246	7982	1258	7563	2000	3612
3876	804	8917	396	3914	7033	9161	1789	1954	8801	9311	3203
5742	5980	3149	1014	7647	9347	3471	4503	3096	3132	1097	3419
9570	8190	9897	1639	1291	4760	3820	7613	7531	2730	99	7870
4777	183	7285	7325	3666	9553	4524	2244	819	447	9411	5905
9504	8765	5608	2841	4518	2008	7737	3735	1584	9630	2283	6017
7524	3252	9377	3594	3650	9483	2261	8613	4739	8712	8674	8560
2214	3774	5653	3902	8222	5483	3638	6625	7151	5766	5343	1557
2222	5820	4666	7319	3968	4393	8411	981	9894	4557	2223	3898
4040	4038	2583	5023	1654	4731	7761	5788	364	8502	7520	466
2828	6093	1547	7414	1794	338	9846	4271	2844	9196	1355	309
6847	9946	1710	9998	2265	1598	4900	101	5570	2090	9599	2421
8360	3025	4450	739	2041	5488	8814	5121	4489	9883	4641	8219
7670	3336	4416	5362	2193	153	6942	3148	3817	9136	4076	5889
5207	6248	4074	9850	6900	2562	9781	8807	5848	9569	795	9386
2386	406	9091	7215	2695	9249	6439	7125	9853	373	5606	3877
6995	7277	4784	3036	2447	6952	952	9319	1623	754	7438	8371
4793	5839	1490	6191	212	4994	5045	5743	9536	7707	243	4081
3832	2300	4296	9137	980	8883	9995	1528	5303	3797	7253	2195
507	457	5868	7741	4149	6455	9153	3577	8418	6141	2292	944
346	1118	6456	866	5232	4506	1311	4568	7355	6189	8525	5377
1975	1269	3052	6752	7361	6253	3739	9207	7621	3570	7083	7437
5411	9221	7054	3655	8460	7980	4299	5654	5472	2104	4472	6836
8600	3883	8649	9206	4336	7397	446	4988	5550	6105	9578	6661
8650	553	600	5891	8905	1051	5211	2556	1761	6637	2570	9434
2353	7264	5432	7369	7453	2121	9644	2711	9531	9283	6884	9804
9002	8910	7404	2858	1858	176	7222	2395	8721	6469	5941	2991
6144	9399	5715	4195	4937	215	6861	603	426	6157	1525	9174
6820	1325	6147	3242	6192	5720	7042	4546	6032	9507	1287	1306
776	4257	441	6717	9786	2706	4632	3426	921	6896	2093	8893
5059	5787	8770	7029	164	2647	5721	5578	8437	1705	1054	95
4465	8949	4246	4292	636	6227	4113	8134	1579	4529	4746	5636
3349	7687	1758	9209	8682	4968	3769	3540	1930	6143	2558	9965
6835	4418	8912	6541	3811	1188	7847	5806	2405	7150	8842	5388
4340	4714	4154	9747	2869	2698	3159	3491	8194	8859	2014	5995
8258	2644	9847	5096	4057	4263	5856	4097	1891	4026	8162	7239
7372	7838	3761	1728	6931	2314	7071	8821	6795	9583	816	1893
7910	2391	5025	6941	5244	2117	2069	6034	622	7534	3204	8983
516	6759	1184	9867	4692	5601	4300	5745	2478	6599	8027	7804
4225	5926	3794	5535	4614	9607	7877	6149	4374	4702	5952	3012
2890	5667	4756	7962	4551	9078	5077	5517	884	8669	6656	1315
2837	5068	4639	3145	8532	7765	7505	9488	9565	8987	9111	6888
8172	9057	1683	8941	3803	985	740	3307	9233	3556	9337	1674
3978	1596	9498	2083	9609	9818	3517	5210	1270	9192	2245	9729
7063	1993	8518	7924	6598	8214	6607	9512	7820	15	3936	2654
9994	5757	3626	6516	3171	2419	3599	1032	2944	7640	5081	794
5477	1021	4750	8087	5007	4028	4463	182	161	1374	6443	8277
332	4679	7092	7187	5648	5254	8835	1272	6544	6089	1637	4914
1787	6060	6351	6583	7700	1583	1076	685	6616	8507	6512	5900
9479	5212	1701	5799	6019	4885	9225	8370	5043	4776	7202	3616
509	2325	6480	7734	6662	6917	3618	35	9039	2389	7729	5319
2650	6055	1254	62	6981	6063	1636	5643	7740	7936	2741	717
2111	6987	8243	9231	4165	316	67	9738	1570	2540	2149	5510
6001	2719	4206	8417	8450	782	2370	400	3489	3330	8772	2600
4634	2802	4488	9133	2526	6483	4088	6784	156	4818	3231	1689
4722	2298	7552	6502	2680	254	7143	3493	5925	5143	8915	1790
8505	5638	5819	5783	9838	8679	9210	2800	5080	6354	4860	1593
7436	4137	6174	5135	6488	2774	6974	4055	2296	2129	4616	1568
151	5413	8232	3519	9949	2107	829	5231	60	8933	7170	5988
6709	4617	482	160	9454	1923	2088	9648	6221	875	5678	9988
9936	7491	7290	7899	30	2255	2077	3105	1620	8082	8335	9141
3136	4226	2225	1884	8352	4324	7901	2999	3208	2371	8782	3375
1519	5326	4691	4302	7927	9751	8054	9388	7876	5293	2144	2023
997	5639	9462	7342	8075	4338	8235	1484	9243	608	4806	5978
6172	617	1160	7814	768	3473	6956	6685	9664	6202	1783	9144
8750	3557	1400	4901	1933	2127	9697	1385	6326	6148	1533	7914
6782	2064	4322	3288	425	2511	2772	9698	5626	771	8147	5940
6387	7921	3094	551	7844	5880	7100	4011	8013	3389	575	5456
2497	6934	871	9037	1678	2561	8020	5309	2409	828	8038	8559
2880	9028	8210	3837	3664	510	3714	8045	548	5132	3941	3211
1775	1914	9951	7280	1345	5934	2510	4982	3024	5061	5022	6049
3652	7278	9745	8432	7075	4276	2079	8768	3250	9143	9593	2826
4214	1588	4721	492	1953	4537	5503	1483	4200	7374	5100	8854
5627	769	8698	1422	7800	2981	3805	9669	5398	1394	3152	3306
6788	8656	2015	6514	4975	2640	7334	5785	526	9920	9521	7496
9912	9571	1256	891	1640	3427	5056	7851	3287	7399	3642	1622
4588	159	8169	3088	2042	4918	2334	3358	8830	6977	8959	1567
9001	821	9340	9899	4743	9878	275	6563	1627	2874	6128	3856
9501	7009	6688	1578	3688	7879	1514	9321	2523	9938	4332	3942
8321	7485	2619	5958	139	1238	4670	8176	2671	4003	3596	9384
9220	5630	4836	1048	2211	9177	6857	7854	1885	7957	6369	8039
2060	6629	3611	2056	4235	1090	5272	4469	4668	9038	6335	3249
532	5470	5098	3237	8466	9241	5574	4916	8668	7630	1175	994
691	8167	9986	6677	1195	5369	3687	973	6886	4921	1013	5821
6760	6510	8367	7591	8298	5684	4965	3423	4275	3661	1676	7801
8700	5679	3679	3593	6887	4134	111	602	6151	2771	7683	9779
1749	6046	1327	3900	5791	2867	1652	643	2862	6362	8636	8280
6485	6087	8488	4908	2449	31	1848	5973	735	7945	9692	6825
4308	8953	2253	5830	882	3475	9350	9893	8336	5874	3128	5133
3707	5113	1844	2543	2057	7956	4755	7004	3525	7941	4035	8615
4309	7487	6022	7810	2044	8491	8877	3778	2327	2930	9740	9181
7224	6509	9592	4587	3170	4027	8950	1314	8892	1811	9355	9903
8717	3619	8106	7232	9700	5159	1754	4946	7038	2482	6757	543
5365	1120	1243	7014	9071	3959	4993	9447	3985	4515	3693	2592
2929	9289	8499	3670	7939	8250	2785	3072	9345	1629	6732	5065
8516	9980	3542	5752	1202	180	3954	370	3690	2507	1510	962
2629	6565	5457	6015	3641	9546	1984	5119	3009	4273	682	318
4573	3660	2591	2412	1045	8553	416	2476	6540	9109	5148	9232
1182	6663	8541	9977	5106	3182	3767	4559	2420	9217	8996	1042
1807	5965	967	228	8273	5754	7694	7862	7452	9303	8526	1796
4325	1471	8863	3520	9140	9690	5410	7230	7503	3041	5182	9034
4987	1337	234	8834	8790	3492	7981	163	7716	2921	9963	6567
1582	4101	4705	7161	1065	4014	9466	2746	6434	5019	5235	8244
2806	7059	6665	7629	8660	6122	4218	1592	6345	5146	367	965
1573	605	1945	2797	2958	8120	7540	892	4476	6470	2337	5634
8764	9134	2487	7489	9896	7087	6524	5487	2084	9373	9580	2574
9300	7573	2289	571	9842	9018	609	5623	1515	3734	2812	7261
1658	3524	5701	5498	4528	247	4015	7626	399	5302	4923	6349
3420	82	2168	5837	47	6342	8596	8299	1743	5583	7189	2363
5955	5942	9967	9679	1956	4453	6170	5612	470	4854	2473	7656
7182	5033	2271	2775	7254	8652	8872	2179	889	7857	2585	6338
7419	1523	6526	1372	84	6118	3008	4590	1251	6999	7713	1088
1812	2917	7297	5681	1651	7913	7480	6478	6961	8817	7967	4261
6854	7221	9033	8372	5151	5858	9147	7937	6353	1966	2973	4628
9031	4385	1249	204	847	913	1192	6163	5731	4998	8102	3030
8623	2188	5537	8386	5543	5072	55	2189	8035	5435	5824	2263
7267	2528	8410	7744	7101	3659	7574	8664	8583	6414	5460	4389
1330	3738	8429	7435	105	5021	8871	5802	8289	5825	4480	8729
4078	6286	9862	4451	2781	9724	6070	4362	648	7124	5815	7822
1433	5305	2566	8963	4912	7041	1074	2674	165	5126	4071	5485
7299	9456	214	3264	363	9812	7455	1621	6161	2586	5069	4966
5144	3990	2587	4644	5614	4244	8711	1479	9982	4828	3839	6756
4237	800	9095	1358	9066	6945	631	5807	1211	3195	4155	9187
3963	6853	1950	672	3777	8992	5370	145	6578	9981	1804	7096
8033	9868	3341	9558	6473	9827	6395	8766	9659	3917	9935	7989
6391	6573	3122	5062	6680	8160	9471	44	7900	9668	616	3364
7349	625	1399	71	4094	5131	7326	1768	4840	3835	5865	1594
3376	2506	9819	9339	4462	386	9612	453	7154	574	4001	6177
4647	5937	7805	5864	7483	5042	9826	957	2156	7407	8972	6588
7884	4277	9017	7643	8839	7673	5476	7343	2036	7839	841	1248
3998	3851	2968	8327	1451	9120	6799	4942	1123	6855	4157	3362
8431	9179	8334	621	8207	6642	9443	6287	6173	2745	5290	4255
1911	1497	1934	8146	6650	9381	3066	8886	9446	303	130	5378
3032	3712	857	3446	8392	793	5209	402	9050	2098	5668	7666
2103	8076	5115	391	2285	3625	8058	484	5949	9922	4741	9911
5507	149	5217	7560	1838	8603	8731	1931	1142	1702	4980	7093
6939	5621	4558	7240	9000	4633	2240	5772	7501	6284	6636	3770
4811	4230	3852	7590	8043	5696	3037	9710	2763	6529	578	6095
3061	8519	7082	7094	4785	1019	8699	6215	7447	3278	4217	5948
9262	9750	390	6340	8381	2500	4589	2382	9606	2952	1026	702
3977	9327	4176	5154	4767	6107	6385	6319	503	9886	4010	606
5250	9334	6570	5445	2997	5771	314	1147	9816	7298	1461	5028
5644	5545	9108	5181	1765	6449	3368	4107	4525	7609	4585	8141
2304	8852	2604	5762	9094	2716	1427	4129	3251	5247	2788	1468
9772	8777	7564	832	6134	5677	6274	2313	6778	2906	7451	5394
2200	8997	312	9775	5609	6914	6433	4063	1941	1500	6617	2310
1777	9743	6464	2739	4344	5576	2729	2109	8365	8932	2548	6764
5702	305	2375	283	9901	1477	293	3266	3685	5904	2342	8889
2596	340	6873	7723	9318	8007	3234	4422	1827	4844	5268	1963
279	6102	8594	8579	8091	9895	824	9356	8573	7147	3601	1241
4561	4688	9162	3258	8977	7544	6005	6160	3560	5492	7685	3979
7493	2940	722	5625	9202	4438	315	1712	504	5184	2470	9013
4547	6986	9307	7073	7824	2964	7747	7568	9087	69	4938	5660
1049	6785	6140	6453	3953	2605	7348	8149	3918	3677	3615	2418
4979	3772	3889	4643	8865	9068	7535	4392	7988	5351	9584	761
4151	4580	2494	83	946	8241	5812	8911	4443	4689	9548	49
3480	2887	8186	5474	874	9229	5449	5375	8270	1023	4394	5542
8862	4819	9647	9931	7279	2031	2312	1522	3213	9983	4541	9285
1645	6495	6378	6429	4812	6280	7541	8743	2683	895	8702	107
9953	5420	5782	5631	1834	9535	8759	2112	6933	2331	4037	966
4013	8806	8467	8198	1402	6230	8358	8626	3654	4742	2847	344
5592	5765	5279	9604	4787	6915	1135	7515	4053	963	3196	7037
2923	1625	4222	3908	1281	8067	1072	3721	2005	1027	8022	9428
9762	9591	5778	5786	9859	4623	594	9432	738	7400	6848	1887
4341	4211	4669	4132	2252	2688	5004	4940	8031	8461	4717	8226
5431	2573	1560	1732	3269	3328	7117	4080	7055	7693	8531	7076
9006	2438	454	3771	8732	2544	2388	5236	4563	6614	6416	8231
8253	1310	7312	7828	2823	7999	724	9325	2322	8673	2437	6031
1551	9560	1288	146	6671	6260	3516	4681	6682	3855	501	443
5359	4805	2415	4858	4939	4847	1219	8040	3190	3316	8338	2124
4576	7547	168	1237	9776	37	7813	5404	352	152	5005	8878
1973	9414	7393	4952	3931	4043	811	2017	9600	3327	8470	3276
7787	7874	9752	9308	506	3227	8477	7618	267	9837	885	7554
8323	7553	5797	5714	2662	3187	7188	384	3006	205	6575	9455
6083	720	3828	5463	423	1271	4105	6011	9574	3432	1091	2681
5049	8309	6754	598	4508	9204	9119	4423	8064	3463	9791	6081
4577	5071	3673	5453	628	6924	8867	1495	5706	6309	2855	7603
3843	8756	287	1095	2615	3417	1036	9814	3239	4400	7165	3165
4424	9680	8290	3573	3909	1539	2547	1290	6422	2898	4188	8749
5920	2693	4103	1396	2560	7662	7891	8500	8544	4483	1011	6444
686	6822	2663	3846	7923	3293	3773	8625	1935	6123	5018	5990
2575	7802	2227	917	1263	7897	6113	7155	5598	7938	6133	9766
3572	213	9180	41	9425	1189	7316	2953	8103	9495	5405	7677
524	2731	687	4196	1675	6651	1009	1647	1234	7933	1653	7482
4803	9281	7106	5813	2753	1016	9933	4713	3106	1587	6877	7551
1487	4706	6251	2046	6219	1409	8740	6187	7731	2355	4060	8624
8101	1716	1850	6955	8096	2915	7658	7097	2454	6878	7834	6152
7227	2994	6536	6791	6702	4716	3057	1386	5031	9358	8240	4092
797	645	7423	7799	8861	9372	5892	2738	2704	7649	7080	9096
4710	3262	6465	1240	9824	4290	154	7867	7604	4888	5750	2813
7624	2965	2139	198	7522	6051	886	3181	6704	3514	6125	842
3635	5243	4972	1460	5366	2045	4509	3146	9166	3437	654	3130
1162	9841	7310	6746	3294	226	4067	4991	8159	8657	1988	920
4135	3669	5588	9056	3969	6145	2114	8907	7543	9945	6728	5781
115	8389	5974	3311	244	1133	927	458	9544	5289	2927	2148
1506	3718	868	5249	1111	8322	809	1235	4161	7197	8123	5084
7388	1020	3550	4853	7102	9368	2102	2554	7402	6233	8269	4343
5436	9009	3784	7864	5632	995	6895	96	2431	8902	5201	8301
4056	5468	8748	1030	3583	6851	1750	3764	6531	6007	8382	5544
4293	8438	4569	7078	8791	5599	9764	6028	6312	4934	3087	6808
2728	2508	7958	3430	6927	3576	3229	3508	8882	7919	7140	7322
5647	3663	9839	6054	6918	8128	8934	4403	4359	8425	3396	7469
5070	8317	8899	2362	8409	4730	831	9942	7212	7882	7043	5676
2425	9364	3168	4412	1869	5573	620	1058	1511	2864	3676	9461
1990	4260	6447	9023	4354	1955	2808	5732	3565	1679	1980	7127
8187	7475	9660	3907	9215	5726	7026	7198	8956	2217	4526	2198
1154	5403	2407	3451	5497	9156	5364	5547	8304	6061	2993	2582
8129	461	8511	8825	9252	896	2448	2636	8018	9155	8894	2471
1359	5311	6380	9579	6155	4090	4474	9282	7925	765	3053	6659
9677	3406	4837	8792	2672	9643	6344	8584	2722	8104	4732	4007
3686	8009	4572	6694	5118	7017	1417	9703	1429	7283	5066	2744
6069	4786	5879	5707	5729	8530	3920	7344	4931	8151	285	2972
9194	2346	7175	8653	4948	13	6333	3056	4985	8174	7364	763
9127	9044	7922	87	1367	7934	5713	4205	696	6075	7711	2049
2736	7395	4540	488	7401	5954	4072	2525	6943	728	5663	5736
8051	3861	1200	937	3668	1517	8947	5097	5286	9382	8848	1350
9733	902	7420	7911	4348	1729	94	4401	9195	1105	3726	3824
6582	9341	5357	5465	1447	8569	6310	6508	8985	1075	8676	9374
8690	7218	3859	9624	2595	2756	1741	7920	410	2016	4066	5442
8508	9874	7292	646	1895	2922	8260	3905	640	9799	5533	2364
6940	261	2477	9875	579	7997	377	3755	3869	8153	1079	4865
5313	1559	2685	4862	8586	4002	1554	8781	1999	3202	1565	5909
8836	8617	5579	6879	1475	4567	4172	9519	3355	5124	3273	9586
550	8256	8552	7580	1186	8085	3801	3624	1830	2019	4221	3035
1064	4761	569	5525	117	7113	8680	4974	9012	6975	3393	7853
4924	8044	7459	940	1244	9910	6522	4922	255	3790	1038	3935
9265	4352	627	8903	9702	6111	1050	2752	4317	6692	6074	4522
5801	9921	245	217	951	9689	4106	5173	8086	2004	1376	2766
7391	7836	6797	3429	8092	7935	3736	345	8671	7929	444	6689
6513	7748	9695	2951	859	502	273	2960	1864	758	7654	2938
4822	4932	295	9587	8678	6162	2221	3198	7498	8406	7996	6057
953	9564	4715	6042	7445	7313	3021	5804	4411	2024	2157	6726
8799	8757	2007	3637	7739	1284	1957	6067	3505	9395	5960	1305
2625	7706	1356	4124	3340	5928	5857	2097	1784	6814	6030	4992
6862	8059	4150	1301	3022	8184	4419	4936	806	300	5089	1607
3046	5694	3260	770	9932	8840	8109	6234	3962	9869	8918	7985
4406	7852	774	6612	5670	2502	5641	8647	4695	2152	9923	8813
3125	2287	5793	7846	1536	8970	7136	8631	1619	4116	2879	7169
1099	5827	1295	2332	3796	2128	7991	6452	5817	4019	5471	6769
3759	1298	1873	5450	2444	3379	3029	1996	3117	700	8414	7330
1868	6466	1644	3044	7807	1172	7728	478	7421	9176	1737	8246
4920	8574	8942	341	2620	8571	1608	1236	3614	2996	4605	4008
7088	2172	8692	862	4175	4874	9794	5967	9820	652	6735	4186
369	4017	4857	1126	3951	6844	4652	7837	9103	4219	1691	2504
4304	2254	9240	877	1060	8072	4297	2201	1390	4182	29	6518
1817	6730	9760	6985	4782	7377	3585	5137	1100	3639	8073	7645
5204	422	2703	2576	5662	6519	8206	8440	1899	990	8506	1146
6364	2768	7474	5248	846	2817	2977	2689	7969	1488	474	9835
4511	9615	3436	2131	8494	1529	2673	7963	3695	2423	9952	563
2488	5996	4621	7293	6572	5317	4521	1669	6489	1694	597	4468
8400	4207	355	5103	777	2645	2132	6399	9315	6505	9247	8374
4004	905	1801	6949	8453	5513	8587	7588	4281	3494	7047	983
8320	5342	5932	2205	1730	8225	6592	2175	4662	3863	5368	3200
9478	4492	7103	1718	7931	2441	3197	3303	8166	3940	893	4843
6768	5861	3987	8964	1232	3729	51	5083	7627	4538	3147	2705
3402	7049	7363	8025	9353	4740	2166	2293	2087	7904	7859	1151
7386	3139	7333	613	5964	4089	7266	2247	6222	1117	9235	4179
3366	1681	3399	6291	3018	1650	136	812	9930	3791	9072	976
869	1341	4337	3678	1839	479	7790	9132	3442	1093	6801	3831
9198	3807	3001	9408	3558	301	7506	5834	7244	3809	9735	436
3947	7896	8597	1986	3983	3878	6998	1059	6341	5512	2249	1798
2878	4086	8359	872	853	9277	4612	9024	1435	701	2557	1319
2033	1690	2559	1580	6389	7249	9720	520	8314	1112	4477	4615
596	9250	9003	9323	5795	4758	1700	5767	7657	7162	1606	10
2897	2992	7631	9457	7353	4953	7772	2725	8303	9623	644	3568
4863	7950	9129	7680	3134	9616	9476	1071	2843	6604	9534	2632
1883	1307	2134	6804	8763	3275	1759	3455	3997	4270	5552	756
8709	3248	7592	8152	5186	1343	1603	5481	6004	3973	9795	120
5371	6535	4856	7632	8607	1757	2422	8926	2328	7660	3458	7166
9188	6865	6885	5225	6603	9149	9470	1444	3584	5659	572	4065
5686	3312	9058	8368	3479	514	6021	6266	7536	2018	8707	3496
3711	8634	7359	1388	4765	9863	1436	8234	7195	449	5428	6993
7044	2755	5304	1799	4158	5881	1755	4799	8420	6897	6741	4659
6169	6279	5759	7109	4301	7481	5530	2466	864	3658	8351	6167
5009	121	3017	5756	9559	8895	2888	1896	2390	2278	6182	6186
6037	8705	1229	6435	4859	948	6079	8588	131	8188	2162	6658
8742	181	2446	1370	7890	2323	4242	3323	4402	589	7708	584
6472	6409	3603	7499	5549	2966	3422	6747	6058	629	4471	3065
6602	4902	7028	6951	1338	1077	907	7527	7006	6249	1575	2203
8753	6964	890	6408	3113	7300	9197	3518	1003	1253	8960	647
2290	9366	3906	6654	4907	8032	1302	2209	1426	2814	33	8340
459	661	9990	2440	1542	9926	6097	89	8635	1205	6697	7526
5725	9787	6676	2435	4266	5616	6569	8667	6038	1221	2791	1501
3960	979	6711	8247	7471	3450	5192	924	8539	8404	1472	3924
3410	8456	7586	5870	5910	5808	4064	611	2520	9618	103	9515
7878	5951	5903	3360	2150	7476	9527	1361	85	450	328	5675
3082	3253	8124	1978	5966	237	2288	911	7366	6370	5838	3415
3996	6254	98	4378	747	1505	1970	4825	8444	6609	4904	4311
1068	8229	6623	8850	2803	118	7705	3476	9782	6454	8632	42
1140	5959	9520	4251	3559	7571	1642	3370	2707	5082	6226	8811
8140	3530	9326	9014	5329	4735	9516	9342	9916	669	7809	8265
3428	8436	9854	3424	239	3220	263	1419	9567	8125	7557	3768
1261	4180	6708	2979	8771	7593	5747	3810	329	78	2882	1810
4520	3380	451	5956	1856	9393	4834	6159	6566	9845	7275	2167
531	4464	4039	3826	697	3737	320	4212	4110	6580	1770	4133
7576	1264	143	615	2737	8708	7577	8178	437	6431	8808	4127
9736	8464	9359	6358	4285	7018	5938	4070	3347	4215	525	3115
4163	642	256	1108	5067	9292	4609	5764	1260	4447	843	8919
2580	751	9739	3844	7462	8535	1163	175	3441	6561	5408	2852
6413	6450	2939	7118	7943	4162	7389	2311	6929	2147	5664	3365
4539	512	1371	5469	7129	9832	5085	1908	7742	6805	2553	6459
7200	4504	2051	1204	8454	1218	9907	8940	7992	2627	2626	2555
4648	8730	1671	308	5893	898	499	5439	8050	9404	9263	8077
2765	1698	3452	5038	4690	3608	7674	2186	4831	5171	5887	1638
6405	1149	59	9950	2509	5546	850	8355	6277	5241	2436	6696
4973	3842	2782	8595	73	1448	4140	2532	5683	6275	3509	5239
6313	310	3274	7970	9348	4170	5914	2489	1756	4421	9419	9427
5918	3972	9400	8004	678	8119	4544	8734	2184	6339	5984	2971
6437	1641	4117	4209	6246	6110	3709	7406	4502	5281	3756	3986
4287	5263	6755	7013	7966	7486	5112	7186	8796	2846	5111	8148
7695	4265	5086	9542	3921	5382	7826	8014	3636	7863	6960	6300
693	1233	2267	7951	1368	6085	8816	3901	705	529	7661	7415
1666	1326	46	2341	718	9934	4410	150	7766	586	4220	762
9594	5336	9139	9236	6856	5462	5164	6560	5015	3163	2340	9135
901	1562	8514	1043	4720	1527	6441	7126	2624	3265	665	8561
7743	1425	1778	4294	5261	2120	3210	3143	6874	1556	2524	9415
1458	1198	9892	5114	3367	1913	2054	878	2984	9473	3745	5219
2819	4655	3058	3395	348	2701	5635	7582	7987	1751	8524	4879
6635	3948	6867	242	9706	9996	6882	409	5916	2914	675	8060
1224	6239	8376	6550	7135	2358	4258	2484	5554	3495	9297	7021
1855	1872	6427	3226	4494	3760	7977	5206	1745	7213	5607	6036
7538	9975	5562	8819	5229	2226	9074	1434	6798	6290	7785	7791
3485	8295	900	5649	8565	9708	3131	8981	3710	8666	4584	5484
4091	7850	1001	6970	3109	5700	5129	1247	5494	6285	668	2101
8163	1680	7512	6245	1462	4169	6241	3482	7040	9069	8820	4020
5567	2295	4753	3464	5593	6368	9763	398	6217	5099	601	7098
5645	6040	8084	4499	5693	187	5091	7637	8478	5569	9117	7550
6403	7089	7323	3091	5997	365	445	6318	5532	5898	2321	2430
433	9543	7976	9047	5174	7500	2985	6376	5215	3459	2020	9015
6315	132	3126	5628	7130	5555	5779	6094	5737	4243	7724	6487
792	9904	2659	5924	9955	3870	2380	7771	1164	3510	6256	1852
8261	3503	3874	5024	7012	4426	4253	274	5760	6839	2070	5710
3267	9732	471	9691	6216	8776	9059	3384	8204	7027	7949	2173
2384	8385	1760	2835	5179	3080	1277	5921	3353	8093	268	2303
2021	8746	5108	781	5437	9081	8337	8982	6139	7208	2275	8779
6606	112	5349	711	2694	9929	4455	2541	9309	1412	7069	3329
4460	1366	8736	9203	8034	4578	6723	7873	65	1085	5406	4250
219	7762	960	6210	3647	179	3742	5690	9906	9298	2572	3228
9864	379	1630	6909	4747	460	2646	8957	716	1706	4016	6824
1102	1489	3107	4430	1143	3102	9707	7461	4189	375	6056	2450
1424	119	9954	3699	662	9577	3631	7528	8572	9502	8990	6082
2926	3124	9260	772	3857	4009	1964	4372	2076	40	3313	6423
2492	6462	3723	7256	2366	5416	4269	7383	6830	2780	10000	3747
6639	1740	9802	5658	5166	5055	6883	7774	6477	7944	7237	4792
4085	5763	4913	92	4350	1002	7449	9944	2726	7156	476	3386
6720	7464	5397	6574	4432	1616	4318	9925	5409	7338	5989	9102
9769	5441	7858	1494	7612	6870	9871	1150	6330	5041	5509	5850
3602	6980	4482	5385	1951	8604	1313	4601	6496	6557	8063	539
1165	6506	3382	6401	7426	2457	8448	9793	7443	9655	1485	9440
8122	3079	196	5006	9805	350	8881	6352	576	477	5332	5851
2027	1725	1967	9316	2215	8155	4955	7628	6601	7783	1886	1609
8099	7533	2119	2521	5291	7594	2955	2773	4682	9438	4368	1892
1739	6840	2089	9431	6190	1825	4599	2690	6146	8520	8487	7830
9873	8723	9642	140	3090	5862	75	5711	8786	5399	5508	6979
6683	7788	5142	8966	3050	1279	3049	2410	4145	4139	3064	5685
4252	9458	3913	2925
